1216	23.145050949682215	50.94939085413274
1215	23.145050949682215	50.94939085413274
1833	23.145050949682215	50.94939085413274
1216	23.145158832715982	50.94991018005495
1217	23.145158832715982	50.94991018005495
1215	23.145158832715982	50.94991018005495
1216	23.144927838402175	50.94939912249577
1833	23.144927838402175	50.94939912249577
1217	23.145266853789124	50.9504298664315
1215	23.145266853789124	50.9504298664315
1940	23.145266853789124	50.9504298664315
282	23.14006387632029	50.94544714551869
279	23.14006387632029	50.94544714551869
280	23.14006387632029	50.94544714551869
408	23.136467437175707	50.93896613332396
406	23.136467437175707	50.93896613332396
408	23.13523139062386	50.9390985775217
406	23.13523139062386	50.9390985775217
408	23.135188736087624	50.93892053133035
500	23.135188736087624	50.93892053133035
408	23.1363989681541	50.938821878508634
500	23.1363989681541	50.938821878508634
368	23.1347359163912	50.941477410093874
369	23.1347359163912	50.941477410093874
516	23.1347359163912	50.941477410093874
312	23.139736296713735	50.94348880273388
313	23.139736296713735	50.94348880273388
308	23.139736296713735	50.94348880273388
312	23.139670294887605	50.943333330799476
313	23.139670294887605	50.943333330799476
512	23.139670294887605	50.943333330799476
286	23.141083818279615	50.94481061589592
284	23.141083818279615	50.94481061589592
285	23.141083818279615	50.94481061589592
286	23.141206564247103	50.944620753182235
288	23.141206564247103	50.944620753182235
289	23.141206564247103	50.944620753182235
855	23.143587200159406	50.94720179123962
845	23.143587200159406	50.94720179123962
846/3	23.143587200159406	50.94720179123962
336	23.13871215764464	50.942520234540396
337	23.13871215764464	50.942520234540396
332	23.13871215764464	50.942520234540396
336	23.136907176924307	50.94282703847324
332	23.136907176924307	50.94282703847324
335	23.136907176924307	50.94282703847324
336	23.136857537685128	50.94271061207343
340	23.136857537685128	50.94271061207343
335	23.136857537685128	50.94271061207343
336	23.138661424183592	50.94240119377281
337	23.138661424183592	50.94240119377281
340	23.138661424183592	50.94240119377281
1272	23.14847195635482	50.95294707066793
1271	23.14847195635482	50.95294707066793
1837	23.14847195635482	50.95294707066793
1272	23.148409323746215	50.952799629578315
1269	23.148409323746215	50.952799629578315
1271	23.148409323746215	50.952799629578315
1168	23.14544360542113	50.94932819173155
1167	23.14544360542113	50.94932819173155
1833	23.14544360542113	50.94932819173155
1168	23.14519624162151	50.949344900599286
1169	23.14519624162151	50.949344900599286
1833	23.14519624162151	50.949344900599286
1169	23.144921805295414	50.949363388502775
1170	23.144921805295414	50.949363388502775
1833	23.144921805295414	50.949363388502775
1169	23.144847031821442	50.94874613525835
1170	23.144847031821442	50.94874613525835
912	23.144847031821442	50.94874613525835
1607	23.150373372759525	50.95878797047391
1605	23.150373372759525	50.95878797047391
1608	23.150373372759525	50.95878797047391
1607	23.149624247352996	50.95875536916396
1582	23.149624247352996	50.95875536916396
1580	23.149624247352996	50.95875536916396
379	23.13689502803919	50.94069355679039
375	23.13689502803919	50.94069355679039
378	23.13689502803919	50.94069355679039
379	23.136815550888855	50.940505799709854
383	23.136815550888855	50.940505799709854
378	23.136815550888855	50.940505799709854
809	23.141600562961912	50.94573497975331
520	23.141600562961912	50.94573497975331
1826	23.141600562961912	50.94573497975331
809	23.141696372996016	50.945555077133285
798	23.141696372996016	50.945555077133285
520	23.141696372996016	50.945555077133285
1582	23.149599689005143	50.95869711583994
1580	23.149599689005143	50.95869711583994
1583	23.149599689005143	50.95869711583994
1580	23.149530869050544	50.95870866114808
1583	23.149530869050544	50.95870866114808
1581	23.149530869050544	50.95870866114808
1170	23.144401561405203	50.949399043839335
1171	23.144401561405203	50.949399043839335
1833	23.144401561405203	50.949399043839335
1170	23.144317196755736	50.948785226028434
1171	23.144317196755736	50.948785226028434
912	23.144317196755736	50.948785226028434
1288	23.149328357255232	50.95369380732826
1289	23.149328357255232	50.95369380732826
1838	23.149328357255232	50.95369380732826
1288	23.149261221730015	50.95353554608011
1289	23.149261221730015	50.95353554608011
1287	23.149261221730015	50.95353554608011
374	23.136373722626686	50.94098340260618
375	23.136373722626686	50.94098340260618
369	23.136373722626686	50.94098340260618
374	23.135388137890537	50.941149524775916
369	23.135388137890537	50.941149524775916
373	23.135388137890537	50.941149524775916
374	23.13530866606727	50.94096176671025
378	23.13530866606727	50.94096176671025
373	23.13530866606727	50.94096176671025
374	23.1362939708903	50.94079519365028
375	23.1362939708903	50.94079519365028
378	23.1362939708903	50.94079519365028
376	23.137261814804074	50.94083363271965
375	23.137261814804074	50.94083363271965
370	23.137261814804074	50.94083363271965
375	23.13666361698605	50.94093448351584
370	23.13666361698605	50.94093448351584
369	23.13666361698605	50.94093448351584
305	23.140466536744782	50.9436367593793
303	23.140466536744782	50.9436367593793
304	23.140466536744782	50.9436367593793
305	23.140268226252868	50.94356454917403
309	23.140268226252868	50.94356454917403
308	23.140268226252868	50.94356454917403
305	23.140643785686198	50.94350069830856
309	23.140643785686198	50.94350069830856
306	23.140643785686198	50.94350069830856
305	23.14068579413711	50.94359935682482
304	23.14068579413711	50.94359935682482
306	23.14068579413711	50.94359935682482
1298	23.14952809079981	50.95433057607695
1302	23.14952809079981	50.95433057607695
1303	23.14952809079981	50.95433057607695
1298	23.148146400297815	50.95434379020578
1293/5	23.148146400297815	50.95434379020578
1292	23.148146400297815	50.95434379020578
318	23.138344839794563	50.943539495818534
317	23.138344839794563	50.943539495818534
512	23.138344839794563	50.943539495818534
318	23.138281009300268	50.94338997243798
317	23.138281009300268	50.94338997243798
323	23.138281009300268	50.94338997243798
318	23.139412977367414	50.943197125880175
319	23.139412977367414	50.943197125880175
323	23.139412977367414	50.943197125880175
318	23.139444617999995	50.94327143574605
319	23.139444617999995	50.94327143574605
318	23.14023470396688	50.94313701288174
320	23.14023470396688	50.94313701288174
319	23.14023470396688	50.94313701288174
865	23.143371406522643	50.94776998734363
864	23.143371406522643	50.94776998734363
1829	23.143371406522643	50.94776998734363
865	23.14331683835036	50.94764184083852
864	23.14331683835036	50.94764184083852
863	23.14331683835036	50.94764184083852
1254	23.147486073737298	50.951811109813946
1256/1	23.147486073737298	50.951811109813946
1256/2	23.147486073737298	50.951811109813946
1471/1	23.149666231858937	50.95661114269607
1470/2	23.149666231858937	50.95661114269607
1474/2	23.149666231858937	50.95661114269607
1471/1	23.1495670818422	50.95638180847591
1840	23.1495670818422	50.95638180847591
1470/2	23.1495670818422	50.95638180847591
1302	23.1496180460456	50.95454096474685
1303	23.1496180460456	50.95454096474685
1970	23.1496180460456	50.95454096474685
423	23.140698383207315	50.94417462259287
296	23.140698383207315	50.94417462259287
293	23.140698383207315	50.94417462259287
423	23.139764517734864	50.944334419872796
295	23.139764517734864	50.944334419872796
293	23.139764517734864	50.944334419872796
423	23.139703154713743	50.94418968012104
295	23.139703154713743	50.94418968012104
299	23.139703154713743	50.94418968012104
300/1	23.139703154713743	50.94418968012104
423	23.140483820402867	50.944057613428285
300/2	23.140483820402867	50.944057613428285
300/1	23.140483820402867	50.944057613428285
423	23.140637839669136	50.94403159744401
296	23.140637839669136	50.94403159744401
300/2	23.140637839669136	50.94403159744401
370	23.13674813016467	50.941134594070256
369	23.13674813016467	50.941134594070256
516	23.13674813016467	50.941134594070256
1466	23.150949945153858	50.95590138257837
1465	23.150949945153858	50.95590138257837
1459/1	23.150949945153858	50.95590138257837
1552	23.15122889242037	50.95798114765775
1553	23.15122889242037	50.95798114765775
1841	23.15122889242037	50.95798114765775
1552	23.149633213231915	50.958248585959076
1551	23.149633213231915	50.958248585959076
1841	23.149633213231915	50.958248585959076
1552	23.15116641138043	50.957832360832214
1547	23.15116641138043	50.957832360832214
1548	23.15116641138043	50.957832360832214
1553	23.15116641138043	50.957832360832214
268	23.14123359494952	50.946142580238714
520	23.14123359494952	50.946142580238714
266	23.14123359494952	50.946142580238714
268	23.14132837814088	50.94596446835367
271	23.14132837814088	50.94596446835367
520	23.14132837814088	50.94596446835367
1490	23.14876209486118	50.957391079821264
1494	23.14876209486118	50.957391079821264
1493	23.14876209486118	50.957391079821264
1490	23.147417927902808	50.95762004611138
1493	23.147417927902808	50.95762004611138
1490	23.146473119300826	50.957780986092196
1490	23.146448004351562	50.95772227852385
1490	23.147970821305307	50.95746181378956
1483/1	23.147970821305307	50.95746181378956
1490	23.150294352758678	50.957064308438554
1483/1	23.150294352758678	50.957064308438554
1489	23.150294352758678	50.957064308438554
1490	23.150320563231617	50.95712563020588
1494	23.150320563231617	50.95712563020588
1489	23.150320563231617	50.95712563020588
320	23.140202921543064	50.94306261228835
319	23.140202921543064	50.94306261228835
323	23.140202921543064	50.94306261228835
352	23.137655292841824	50.94180771733422
353/1	23.137655292841824	50.94180771733422
355/1	23.137655292841824	50.94180771733422
330	23.13912444748727	50.94276321478301
329	23.13912444748727	50.94276321478301
513	23.13912444748727	50.94276321478301
330	23.139060617179798	50.94261360191513
332	23.139060617179798	50.94261360191513
329	23.139060617179798	50.94261360191513
1509	23.148802212484537	50.95748576579126
1494	23.148802212484537	50.95748576579126
1493	23.148802212484537	50.95748576579126
1509	23.149579932188686	50.95735433581297
1508	23.149579932188686	50.95735433581297
1494	23.149579932188686	50.95735433581297
1482	23.147909391284614	50.9573184267677
1483/1	23.147909391284614	50.9573184267677
1453	23.148990931696037	50.95578823610158
1948	23.148990931696037	50.95578823610158
1456/2	23.148990931696037	50.95578823610158
1453	23.14892296841367	50.95562844041043
1948	23.14892296841367	50.95562844041043
1453	23.149647664249272	50.95542146832049
1446/1	23.149647664249272	50.95542146832049
1447	23.149647664249272	50.95542146832049
327	23.137556961743524	50.94320015492684
324	23.137556961743524	50.94320015492684
326	23.137556961743524	50.94320015492684
327	23.13749669035971	50.94305838869338
326	23.13749669035971	50.94305838869338
513	23.13749669035971	50.94305838869338
1284	23.148138789410485	50.95345220920219
1945	23.148138789410485	50.95345220920219
1284	23.147740290032342	50.95352140066306
1945	23.147740290032342	50.95352140066306
1944	23.147740290032342	50.95352140066306
1284	23.148106476150147	50.95335128694484
1283	23.148106476150147	50.95335128694484
1256/1	23.147654630903986	50.95220528748451
1256/2	23.147654630903986	50.95220528748451
1836	23.147654630903986	50.95220528748451
1237	23.145321073337406	50.950856832904485
1238	23.145321073337406	50.950856832904485
1834	23.145321073337406	50.950856832904485
1237	23.145278087224	50.95075628118786
1229	23.145278087224	50.95075628118786
1238	23.145278087224	50.95075628118786
1237	23.145291936426517	50.95075386537804
1229	23.145291936426517	50.95075386537804
1230	23.145291936426517	50.95075386537804
309	23.14020221425444	50.943409526966605
313	23.14020221425444	50.943409526966605
308	23.14020221425444	50.943409526966605
382	23.13547371772058	50.94073176857578
383	23.13547371772058	50.94073176857578
378	23.13547371772058	50.94073176857578
382	23.135390576728142	50.940534723794315
383	23.135390576728142	50.940534723794315
517	23.135390576728142	50.940534723794315
824	23.141326533429535	50.946249973566424
831	23.141326533429535	50.946249973566424
520	23.141326533429535	50.946249973566424
824	23.14139861806139	50.94611439668844
823	23.14139861806139	50.94611439668844
520	23.14139861806139	50.94611439668844
831	23.141202265533334	50.946483605913855
520	23.141202265533334	50.946483605913855
1827	23.141202265533334	50.946483605913855
276	23.141531357010425	50.94558299145738
273	23.141531357010425	50.94558299145738
520	23.141531357010425	50.94558299145738
276	23.140148564306894	50.94564671529682
279	23.140148564306894	50.94564671529682
280	23.140148564306894	50.94564671529682
276	23.14163159108629	50.94539467091329
280	23.14163159108629	50.94539467091329
520	23.14163159108629	50.94539467091329
1172	23.143985158005393	50.94880976237652
1171	23.143985158005393	50.94880976237652
912	23.143985158005393	50.94880976237652
1172	23.144078954381456	50.949421222292884
1171	23.144078954381456	50.949421222292884
1833	23.144078954381456	50.949421222292884
1172	23.14367079138337	50.948832899082944
1173	23.14367079138337	50.948832899082944
912	23.14367079138337	50.948832899082944
405	23.135271400274807	50.93926581622719
399	23.135271400274807	50.93926581622719
405	23.135252120341505	50.93918530375999
406	23.135252120341505	50.93918530375999
405	23.13650167101109	50.93903830565934
406	23.13650167101109	50.93903830565934
405	23.136535906616086	50.93911038809765
399	23.136535906616086	50.93911038809765
399	23.135290412417366	50.939345427717114
397	23.135290412417366	50.939345427717114
1239/1	23.14681174227923	50.95083231230572
1239/2	23.14681174227923	50.95083231230572
1246	23.14681174227923	50.95083231230572
832/7	23.142434425636544	50.94640968373914
832/6	23.142434425636544	50.94640968373914
836	23.142434425636544	50.94640968373914
1291	23.148057413735398	50.95413529531684
1293/5	23.148057413735398	50.95413529531684
1292	23.148057413735398	50.95413529531684
1229	23.145254959372647	50.95066711213971
1228/1	23.145254959372647	50.95066711213971
1230	23.145254959372647	50.95066711213971
346	23.137984319675894	50.94229748865719
347	23.137984319675894	50.94229748865719
514	23.137984319675894	50.94229748865719
346	23.13654332592302	50.94254305502534
345	23.13654332592302	50.94254305502534
514	23.13654332592302	50.94254305502534
346	23.13646137446371	50.942350514828064
350	23.13646137446371	50.942350514828064
345	23.13646137446371	50.942350514828064
346	23.137888934177898	50.94210781696817
350	23.137888934177898	50.94210781696817
418	23.137888934177898	50.94210781696817
284	23.1411487250488	50.944964101147036
285	23.1411487250488	50.944964101147036
422	23.1411487250488	50.944964101147036
1547	23.15110624864053	50.957689164534116
1548	23.15110624864053	50.957689164534116
1535	23.15110624864053	50.957689164534116
1534	23.151058559537237	50.95769726837775
1548	23.151058559537237	50.95769726837775
1535	23.151058559537237	50.95769726837775
1534	23.14988688384035	50.957748348735926
1527	23.14988688384035	50.957748348735926
1525	23.14988688384035	50.957748348735926
1534	23.15100070208194	50.957560381681944
1535	23.15100070208194	50.957560381681944
1525	23.15100070208194	50.957560381681944
1508	23.15080621755064	50.9572585265087
1514	23.15080621755064	50.9572585265087
1515	23.15080621755064	50.9572585265087
1508	23.150050058697623	50.957386525605266
1514	23.150050058697623	50.957386525605266
1513	23.150050058697623	50.957386525605266
1508	23.151092381387205	50.95709878926316
1951	23.151092381387205	50.95709878926316
1494	23.151092381387205	50.95709878926316
1508	23.151255112592942	50.957182588807
1951	23.151255112592942	50.957182588807
1515	23.151255112592942	50.957182588807
1516/2	23.151255112592942	50.957182588807
1514	23.150828463733422	50.95731091936839
1515	23.150828463733422	50.95731091936839
1525	23.150828463733422	50.95731091936839
1514	23.150072032566356	50.957438197438975
1513	23.150072032566356	50.957438197438975
1525	23.150072032566356	50.957438197438975
1526	23.14982098389349	50.9575921645991
1527	23.14982098389349	50.9575921645991
1525	23.14982098389349	50.9575921645991
1526	23.149776910704897	50.95748792093445
1513	23.149776910704897	50.95748792093445
1525	23.149776910704897	50.95748792093445
1524	23.151337514908608	50.95750358635571
1535	23.151337514908608	50.95750358635571
1525	23.151337514908608	50.95750358635571
1524	23.151249198480755	50.95729626761198
1525	23.151249198480755	50.95729626761198
1524	23.15140670665268	50.957213626598005
1516/2	23.15140670665268	50.957213626598005
1525	23.15140670665268	50.957213626598005
288	23.141142336025762	50.94446907092165
289	23.141142336025762	50.94446907092165
510	23.141142336025762	50.94446907092165
351	23.137842020634327	50.941997793923605
350	23.137842020634327	50.941997793923605
418	23.137842020634327	50.941997793923605
1311/1	23.150559309192115	50.95461712637597
1316	23.150559309192115	50.95461712637597
1317/2	23.150559309192115	50.95461712637597
1311/1	23.15011299122612	50.95469352962422
1316	23.15011299122612	50.95469352962422
1311/2	23.15011299122612	50.95469352962422
1311/1	23.150025476989786	50.954489631818
1970	23.150025476989786	50.954489631818
1311/2	23.150025476989786	50.954489631818
273	23.14143554628232	50.945762893937804
508	23.14143554628232	50.945762893937804
520	23.14143554628232	50.945762893937804
273	23.14021689685458	50.94596923614369
272/3	23.14021689685458	50.94596923614369
508	23.14021689685458	50.94596923614369
1515	23.15133788769159	50.95722526287324
1516/2	23.15133788769159	50.95722526287324
1525	23.15133788769159	50.95722526287324
303	23.14056256828065	50.94386158410295
304	23.14056256828065	50.94386158410295
511	23.14056256828065	50.94386158410295
300/2	23.140418910423065	50.943904487347474
300/1	23.140418910423065	50.943904487347474
511	23.140418910423065	50.943904487347474
1945	23.14779473148828	50.95364972379963
1287	23.14779473148828	50.95364972379963
1944	23.14779473148828	50.95364972379963
265	23.14116136750871	50.946278155965246
520	23.14116136750871	50.946278155965246
266	23.14116136750871	50.946278155965246
395	23.135309960336176	50.9394268411497
397	23.135309960336176	50.9394268411497
395	23.136603284976186	50.939252117588126
397	23.136603284976186	50.939252117588126
1283	23.14807402400704	50.95325018386597
1277	23.14807402400704	50.95325018386597
1283	23.148887687211445	50.95311075007723
1277	23.148887687211445	50.95311075007723
1278	23.148887687211445	50.95311075007723
353/1	23.13760878866622	50.941698686099556
355/1	23.13760878866622	50.941698686099556
515	23.13760878866622	50.941698686099556
1575	23.1494611578799	50.95854291982652
1583	23.1494611578799	50.95854291982652
1581	23.1494611578799	50.95854291982652
1575	23.148761680709477	50.95866017594452
1581	23.148761680709477	50.95866017594452
1575	23.148725263662413	50.958573248236455
1574	23.148725263662413	50.958573248236455
1215	23.146276898667825	50.950257996126474
1214	23.146276898667825	50.950257996126474
1940	23.146276898667825	50.950257996126474
823	23.141493544505327	50.94593619582456
810	23.141493544505327	50.94593619582456
520	23.141493544505327	50.94593619582456
271	23.141424780367377	50.945783401628596
508	23.141424780367377	50.945783401628596
520	23.141424780367377	50.945783401628596
810	23.141589654842047	50.94575548641396
520	23.141589654842047	50.94575548641396
1826	23.141589654842047	50.94575548641396
362/1	23.13180674594476	50.94232454355438
362/1	23.131733062710534	50.94217044830871
364	23.131733062710534	50.94217044830871
362/1	23.134879084007487	50.941637142451896
362/2	23.134879084007487	50.941637142451896
364	23.134879084007487	50.941637142451896
362/1	23.13494506581935	50.94179270693572
362/2	23.13494506581935	50.94179270693572
419	23.13494506581935	50.94179270693572
1315	23.149081771090184	50.95510854475563
1316	23.149081771090184	50.95510854475563
1839	23.149081771090184	50.95510854475563
1315	23.148986614565345	50.95488688045381
1316	23.148986614565345	50.95488688045381
1311/2	23.148986614565345	50.95488688045381
362/2	23.13654588745731	50.94152137246836
360	23.13654588745731	50.94152137246836
419	23.13654588745731	50.94152137246836
360	23.13662059880065	50.94169758739874
419	23.13662059880065	50.94169758739874
358	23.13662059880065	50.94169758739874
874/1	23.143187707113157	50.948240968157464
1893	23.143187707113157	50.948240968157464
1892	23.143187707113157	50.948240968157464
845	23.143464842146596	50.94691384691443
846/3	23.143464842146596	50.94691384691443
1828	23.143464842146596	50.94691384691443
1443/1	23.14956575422902	50.95523028671088
1446/1	23.14956575422902	50.95523028671088
1447	23.14956575422902	50.95523028671088
299	23.139638109824148	50.94403628291311
300/1	23.139638109824148	50.94403628291311
511	23.139638109824148	50.94403628291311